v3.0 hex words addressed
00: 00014 00021 01040 00014 00035 00000 00000 00000
08: c0040 10800 20780 12400 f0000 40040 00021 12040
10: f0000 00000 00000 00000 00000 00000 00000 00000
18: 00000 00000 00000 00000 00000 00000 00000 00000
20: 00000 00000 00000 00000 00000 00000 00000 00000
28: 00000 00000 00000 00000 00000 00000 00000 00000
30: 00000 00000 00000 00000 00000 00000 00000 00000
38: 00000 00000 00000 00000 00000 00000 00000 00000
40: 00000 00000 00000 00000 00000 00000 00000 00000
48: 00000 00000 00000 00000 00000 00000 00000 00000
50: 00000 00000 00000 00000 00000 00000 00000 00000
58: 00000 00000 00000 00000 00000 00000 00000 00000
60: 00000 00000 00000 00000 00000 00000 00000 00000
68: 00000 00000 00000 00000 00000 00000 00000 00000
70: 00000 00000 00000 00000 00000 00000 00000 00000
78: 00000 00000 00000 00000 00000 00000 00000 00000
80: 00000 00000 00000 00000 00000 00000 00000 00000
88: 00000 00000 00000 00000 00000 00000 00000 00000
90: 00000 00000 00000 00000 00000 00000 00000 00000
98: 00000 00000 00000 00000 00000 00000 00000 00000
a0: 00000 00000 00000 00000 00000 00000 00000 00000
a8: 00000 00000 00000 00000 00000 00000 00000 00000
b0: 00000 00000 00000 00000 00000 00000 00000 00000
b8: 00000 00000 00000 00000 00000 00000 00000 00000
c0: 00000 00000 00000 00000 00000 00000 00000 00000
c8: 00000 00000 00000 00000 00000 00000 00000 00000
d0: 00000 00000 00000 00000 00000 00000 00000 00000
d8: 00000 00000 00000 00000 00000 00000 00000 00000
e0: 00000 00000 00000 00000 00000 00000 00000 00000
e8: 00000 00000 00000 00000 00000 00000 00000 00000
f0: 00000 00000 00000 00000 00000 00000 00000 00000
f8: 00000 00000 00000 00000 00000 00000 00000 00000
