v3.0 hex words addressed
00: 0000024 0000041 0002080 0000024 0000065 0200080 0000041 0108080
08: 2a00000 0200080 0000041 2000080 1000030 0000041 0108080 2a00000
10: 0200080 0000041 1000030 0110002 2a00000 0a00080 0111000 0488000
18: 2a00000 0a00080 0411000 0110700 0408800 2a00000 0200080 0100700
20: 0108800 2a00000 2000080 1000008 2a00000 0a00080 0411000 0400700
28: 0408800 2a00000 0200080 0150000 2a00000 2000080 1000030 0000041
30: 0040081 2a00000 2000080 1000008 2a00000 0000000 0000000 0000000
38: 0000000 0000000 0000000 0000000 0000000 0000000 0000000 0000000
40: 0000000 0000000 0000000 0000000 0000000 0000000 0000000 0000000
48: 0000000 0000000 0000000 0000000 0000000 0000000 0000000 0000000
50: 0000000 0000000 0000000 0000000 0000000 0000000 0000000 0000000
58: 0000000 0000000 0000000 0000000 0000000 0000000 0000000 0000000
60: 0000000 0000000 0000000 0000000 0000000 0000000 0000000 0000000
68: 0000000 0000000 0000000 0000000 0000000 0000000 0000000 0000000
70: 0000000 0000000 0000000 0000000 0000000 0000000 0000000 0000000
78: 0000000 0000000 0000000 0000000 0000000 0000000 0000000 0000000
80: 0000000 0000000 0000000 0000000 0000000 0000000 0000000 0000000
88: 0000000 0000000 0000000 0000000 0000000 0000000 0000000 0000000
90: 0000000 0000000 0000000 0000000 0000000 0000000 0000000 0000000
98: 0000000 0000000 0000000 0000000 0000000 0000000 0000000 0000000
a0: 0000000 0000000 0000000 0000000 0000000 0000000 0000000 0000000
a8: 0000000 0000000 0000000 0000000 0000000 0000000 0000000 0000000
b0: 0000000 0000000 0000000 0000000 0000000 0000000 0000000 0000000
b8: 0000000 0000000 0000000 0000000 0000000 0000000 0000000 0000000
c0: 0000000 0000000 0000000 0000000 0000000 0000000 0000000 0000000
c8: 0000000 0000000 0000000 0000000 0000000 0000000 0000000 0000000
d0: 0000000 0000000 0000000 0000000 0000000 0000000 0000000 0000000
d8: 0000000 0000000 0000000 0000000 0000000 0000000 0000000 0000000
e0: 0000000 0000000 0000000 0000000 0000000 0000000 0000000 0000000
e8: 0000000 0000000 0000000 0000000 0000000 0000000 0000000 0000000
f0: 0000000 0000000 0000000 0000000 0000000 0000000 0000000 0000000
f8: 0000000 0000000 0000000 0000000 0000000 0000000 0000000 0000000
